// Job-specific Values Database
//
// Structure of Database:
// JobID,Weight,HPFactor,HPMultiplicator,SPFactor,Unarmed,Dagger,1HSword,2HSword,1HSpear,2HSpear,1HAxe,2HAxe,1HMace,2HMace(unused),Rod,Bow,Knuckle,Instrument,Whip,Book,Katar,Revolver,Rifle,Gatling Gun,Shotgun,Grenade Launcher,Fuuma Shuriken,2HStaff,Shield
//
// Gunslinger
24,	28000,150   ,650 ,469  ,500  ,2000, 2000, 2000, 2000, 2000, 2000 ,2000 ,2000 ,2000 ,2000 ,2000 ,2000 ,2000 ,2000 ,2000 ,2000 , 700 , 750 , 700 ,1500 ,1500 ,2000 ,2000
// Ninja
25,	26000,150   ,650  ,540  ,400  ,500  ,2000 ,2000 ,2000 ,2000 ,2000 ,2000 ,2000 ,2000 ,2000 ,2000 ,2000 ,2000 ,2000 ,2000 ,2000 ,2000 ,2000 ,2000 ,2000 ,2000 , 750 ,2000
// Lord Knight
4008,	28000,175  ,500  ,300  ,400  ,500  ,500  ,550  ,600  ,600  ,700  ,700  ,650  ,700  ,2000 ,2000 ,2000 ,2000 ,2000 ,2000 ,2000 ,2000 ,2000 ,2000 ,2000 ,2000 ,2000 ,2000
// High Priest
4009,	26000,140   ,500  ,800  ,400  ,2000 ,2000 ,2000 ,2000 ,2000 ,2000 ,2000 ,600  ,600  ,600  ,2000 ,2000 ,2000 ,2000 ,600  ,2000 ,2000 ,2000 ,2000 ,2000 ,2000 ,2000 , 600
// High Wizard
4010,	24000,140   ,500  ,900  ,500  ,575  ,2000 ,2000 ,2000 ,2000 ,2000 ,2000 ,2000 ,2000 ,625  ,2000 ,2000 ,2000 ,2000 ,2000 ,2000 ,2000 ,2000 ,2000 ,2000 ,2000 ,2000 , 625
// Whitesmith
4011,	30000,140   ,500  ,400  ,400  ,600  ,650  ,2000 ,2000 ,2000 ,650  ,650  ,675  ,675  ,2000 ,2000 ,2000 ,2000 ,2000 ,2000 ,2000 ,2000 ,2000 ,2000 ,2000 ,2000 ,2000 ,2000
// Sniper
4012,	27000,140   ,500  ,400  ,400  ,600  ,2000 ,2000 ,2000 ,2000 ,2000 ,2000 ,2000 ,2000 ,2000 ,600  ,2000 ,2000 ,2000 ,2000 ,2000 ,2000 ,2000 ,2000 ,2000 ,2000 ,2000 ,2000
// Assassin Cross
4013,	24000,140  ,500  ,400  ,400  ,500  ,650  ,2000 ,2000 ,2000 ,800  ,2000 ,2000 ,2000 ,2000 ,2000 ,2000 ,2000 ,2000 ,2000 ,500  ,2000 ,2000 ,2000 ,2000 ,2000 ,2000 ,2000
// Lord Knight (Peco)
4014,	28000,175  ,500  ,300  ,400  ,500  ,500  ,550  ,600  ,600  ,700  ,700  ,650  ,700  ,2000 ,2000 ,2000 ,2000 ,2000 ,2000 ,2000 ,2000 ,2000 ,2000 ,2000 ,2000 ,2000 ,2000
// Paladin
4015,	28000,185  ,700  ,470  ,400  ,500  ,500  ,550  ,600  ,600  ,700  ,700  ,650  ,700  ,2000 ,2000 ,2000 ,2000 ,2000 ,2000 ,2000 ,2000 ,2000 ,2000 ,2000 ,2000 ,2000 ,2000
// Champion
4016,	26000,135   ,650  ,470  ,400  ,2000 ,2000 ,2000 ,2000 ,2000 ,2000 ,2000 ,575  ,575  ,575  ,2000 ,475  ,2000 ,2000 ,2000 ,2000 ,2000 ,2000 ,2000 ,2000 ,2000 ,2000 , 575
// Professor
4017,	24000,140   ,500  ,700  ,450  ,525  ,2000 ,2000 ,2000 ,2000 ,2000 ,2000 ,2000 ,2000 ,625  ,2000 ,2000 ,2000 ,2000 ,550  ,2000 ,2000 ,2000 ,2000 ,2000 ,2000 ,2000 , 625
// Stalker
4018,	24000,140   ,500  ,500  ,400  ,500  ,550  ,2000 ,2000 ,2000 ,2000 ,2000 ,2000 ,2000 ,2000 ,650  ,2000 ,2000 ,2000 ,2000 ,2000 ,2000 ,2000 ,2000 ,2000 ,2000 ,2000 ,2000
// Creator
4019,	30000,140   ,500  ,400  ,400  ,550  ,575  ,2000 ,2000 ,2000 ,675  ,700  ,650  ,650  ,2000 ,2000 ,2000 ,2000 ,2000 ,2000 ,2000 ,2000 ,2000 ,2000 ,2000 ,2000 ,2000 ,2000
// Clown
4020,	27000,145   ,300  ,600  ,400  ,550  ,2000 ,2000 ,2000 ,2000 ,2000 ,2000 ,2000 ,2000 ,2000 ,650  ,2000 ,575  ,2000 ,2000 ,2000 ,2000 ,2000 ,2000 ,2000 ,2000 ,2000 ,2000
// Gypsy
4021,	27000,145   ,300  ,600  ,400  ,550  ,2000 ,2000 ,2000 ,2000 ,2000 ,2000 ,2000 ,2000 ,2000 ,650  ,2000 ,2000 ,575  ,2000 ,2000 ,2000 ,2000 ,2000 ,2000 ,2000 ,2000 ,2000
// Paladin (Peco)
4022,	28000,185  ,700  ,470  ,400  ,500  ,500  ,550  ,600  ,600  ,700  ,700  ,650  ,700  ,2000 ,2000 ,2000 ,2000 ,2000 ,2000 ,2000 ,2000 ,2000 ,2000 ,2000 ,2000 ,2000 ,2000
// Star Gladiator
4047, 28000,150   ,650  ,470  ,400  ,2000 ,2000 ,2000 ,2000 ,2000 ,2000 ,2000 ,2000 ,2000 ,2000 ,2000 ,2000 ,2000 ,2000 ,500  ,2000 ,2000 ,2000 ,2000 ,2000 ,2000 ,2000 ,2000
// Star Gladiator (Union)
4048, 28000,150   ,650  ,470  ,400  ,2000 ,2000 ,2000 ,2000 ,2000 ,2000 ,2000 ,2000 ,2000 ,2000 ,2000 ,2000 ,2000 ,2000 ,500  ,2000 ,2000 ,2000 ,2000 ,2000 ,2000 ,2000 ,2000
// Soul Linker
4049, 24000,150   ,650  ,900  ,500  ,575  ,2000 ,2000 ,2000 ,2000 ,2000 ,2000 ,2000 ,2000 ,625  ,2000 ,2000 ,2000 ,2000 ,2000 ,2000 ,2000 ,2000 ,2000 ,2000 ,2000 ,2000 , 625 
// Super Novice
23,	20000,150   ,650  ,100  ,500  ,650  ,700  ,2000 ,2000 ,2000 ,800  ,2000 ,700  ,700  ,650  ,2000 ,2000 ,2000 ,2000 ,2000 ,2000 ,2000 ,2000 ,2000 ,2000 ,2000 ,2000 , 650